<?xml version="1.0"?>
<opencv_storage>
<hog type_id="opencv-object-detector-hog">
  <winSize>
    64 128</winSize>
  <blockSize>
    16 16</blockSize>
  <blockStride>
    8 8</blockStride>
  <cellSize>
    8 8</cellSize>
  <nbins>9</nbins>
  <derivAperture>1</derivAperture>
  <winSigma>4.</winSigma>
  <histogramNormType>0</histogramNormType>
  <L2HysThreshold>2.0000000000000001e-01</L2HysThreshold>
  <gammaCorrection>1</gammaCorrection>
  <nlevels>64</nlevels>
  <signedGradient>0</signedGradient>
  <SVMDetector>
    1.15271183e-02 -1.79254543e-03 1.71011663e-06 -3.13936081e-03
    -2.91556353e-03 -8.05587450e-04 -1.31246095e-04 -2.62648711e-04
    -1.21428713e-03 1.49273928e-02 1.02601596e-03 -2.07330799e-03
    -1.64422183e-03 -3.87742277e-03 -3.23672220e-03 -2.75377324e-03
    -3.70420562e-03 1.50707958e-03 2.18241755e-03 -1.64471325e-02
    -4.75415727e-03 -2.71957135e-03 -1.91671972e-03 -1.51188916e-03
    -1.87811407e-03 -5.96437324e-03 4.22810949e-03 2.18241755e-03
    -1.82512812e-02 -6.19016821e-03 -2.00393377e-03 -2.08009663e-03
    -3.59509140e-03 -3.61500424e-03 -1.08164167e-02 3.41614970e-04
    1.78147145e-02 1.77165966e-05 -2.89212703e-03 -1.36747130e-03
    -2.92964187e-03 -1.83886127e-03 -4.24788101e-03 -1.11460302e-03
    1.99098582e-03 1.57153700e-02 -1.55972864e-03 -3.10058519e-03
    -2.89204600e-03 -9.01832245e-04 2.06831866e-03 1.46279723e-04
    1.12228263e-02 8.28001928e-03 -9.15721408e-04 -1.53617002e-02
    -3.69707472e-03 -7.47682352e-04 -1.64583023e-03 -2.51291669e-03
    -4.98751551e-03 -1.17364461e-02 -6.08290080e-03 -9.15721408e-04
    -1.49833569e-02 -3.55659751e-03 -8.64419097e-04 3.17156693e-04
    3.34006298e-04 -1.55429239e-03 1.43126817e-03 -6.28588395e-03
    1.62204355e-02 -2.23775557e-03 -3.90097057e-03 -2.64176843e-03
    -4.23254073e-03 -8.41688772e-04 2.60037887e-05 4.11376730e-03
    8.55867378e-03 1.54825766e-02 1.08886650e-03 -1.66144769e-03
    -3.24366079e-03 -3.77432862e-03 -5.31469297e-04 -1.09645957e-03
    2.88972096e-03 1.33871241e-02 -6.10453449e-03 -9.67048574e-03
    -4.72328858e-03 9.07663925e-05 1.94256194e-04 3.09107054e-05
    -1.31125131e-03 -4.26074350e-03 -9.30604432e-03 -6.10453449e-03
    1.86376472e-03 -9.81444144e-04 -8.39384797e-04 4.15449867e-05
    5.98328712e-04 -2.21560942e-03 -4.08296753e-03 -7.37044076e-03
    1.49821704e-02 3.70356743e-03 1.59666722e-03 -3.13402642e-03
    -2.99211330e-04 -3.30277362e-05 -3.50055110e-04 2.42787367e-03
    1.40489414e-02 1.76914185e-02 9.25438944e-03 4.59053647e-03
    2.71674740e-04 8.68110859e-04 -1.53737701e-03 -3.44318547e-03
    -1.42611878e-03 1.10472944e-02 -9.87775158e-03 4.88842279e-03
    3.80804704e-04 -1.98663468e-03 -1.25727640e-03 -1.16207311e-03
    -1.60119857e-03 -1.42926304e-03 -1.12110907e-02 -9.87775158e-03
    2.94573791e-03 1.97020898e-04 -1.52804994e-03 -4.01759800e-03
    -4.02029650e-03 -4.16336628e-03 -6.49842899e-04 -8.99775699e-03
    2.24077757e-02 5.58788050e-03 7.66134181e-04 -2.87585380e-03
    -1.37588941e-03 -3.29255802e-03 -2.70806742e-03 -1.70114450e-03
    1.31866224e-02 1.33087076e-02 -1.41681335e-03 -3.36085726e-03
    -5.97094838e-03 -1.49762002e-03 6.09586015e-03 3.33250524e-03
    7.67682260e-03 1.31734060e-02 -2.35526962e-03 -1.16906585e-02
    -6.70547411e-03 -3.45785706e-03 -4.06786241e-03 -2.22092750e-03
    -3.24927061e-03 -4.08017338e-04 -2.58493167e-03 -4.16452618e-04
    -2.62616072e-02 -1.41700711e-02 -8.15822091e-03 -6.14317972e-03
    -1.52977230e-03 -3.17908498e-03 -6.32898882e-03 -1.45506812e-03
    1.88882928e-02 -2.49399198e-03 -2.86334846e-03 -4.59467340e-03
    -5.77943260e-03 4.38140752e-03 -1.61086849e-03 2.47508474e-03
    1.52595816e-02 2.06959210e-02 8.58908612e-03 3.50620248e-03
    2.03395239e-03 -4.67349403e-03 -1.05892047e-02 -9.36357677e-03
    -4.89942217e-03 1.75677333e-02 1.23753422e-03 -2.10987963e-02
    -1.06288847e-02 -9.45865456e-03 -8.57501943e-03 -5.51783713e-03
    -1.12009002e-02 -9.84213594e-03 2.26294040e-03 -1.66858395e-03
    -3.04882065e-03 -5.43514173e-03 -8.02457985e-03 -8.04678071e-03
    -9.33448505e-03 -1.19551346e-02 -1.22898873e-02 -2.59858469e-04
    2.25735996e-02 1.08252382e-02 3.39402189e-03 1.84483815e-03
    -4.61842259e-03 -1.09663876e-02 -1.12754256e-02 -5.05380193e-03
    1.42103611e-02 2.02051848e-02 -1.05716381e-03 -2.39795563e-03
    -4.65211459e-03 -1.03764748e-02 -1.39130885e-02 -1.90474987e-02
    -1.27906660e-02 1.90327205e-02 1.26201147e-03 -5.15756219e-05
    -2.58432841e-03 -3.62447440e-03 -5.94300358e-03 -7.46895559e-03
    -7.63242133e-03 -9.49413795e-03 -1.02563272e-03 -1.69645937e-04
    -1.98252574e-02 -4.98777907e-03 -4.37971903e-03 -7.43368361e-03
    -8.26992001e-03 -1.23910597e-02 -1.74318999e-02 1.12693454e-03
    2.11601648e-02 2.07082229e-03 -1.49012648e-03 -4.61050821e-03
    -5.96449664e-03 -1.19163347e-02 -1.61639545e-02 -1.38186235e-02
    1.76150724e-02 1.59774162e-02 5.89811429e-03 -4.57551418e-04
    -8.09618086e-03 -9.78282001e-03 -1.26388818e-02 -1.37334978e-02
    -9.31095798e-03 1.60243493e-02 -3.46796075e-03 -1.11575937e-02
    -1.52986485e-03 -3.74633842e-03 -3.65198241e-03 -2.17525940e-03
    -5.01682889e-03 -1.48139913e-02 8.78974563e-04 -6.96753524e-03
    -4.75621317e-03 6.77807024e-04 -2.65800068e-03 -1.93010259e-03
    1.68649026e-03 2.65574176e-03 -8.67285114e-03 8.78974563e-04
    1.55646615e-02 4.68968228e-03 -4.62949771e-04 -5.09890029e-03
    -1.08244186e-02 -1.08572850e-02 -1.08477790e-02 1.32376538e-03
    1.70821082e-02 1.61644015e-02 -1.59778667e-03 -8.97055306e-03
    -6.01102319e-03 -1.20630581e-02 -7.23373052e-03 -8.87366105e-03
    3.36731458e-03 1.54483942e-02 -8.42774101e-03 -4.16644290e-03
    3.56376986e-04 1.60891900e-03 -1.66263338e-03 -1.14085013e-03
    -2.34341645e-03 -1.29838154e-04 -8.96903162e-04 -8.62372387e-03
    -7.83418678e-03 -3.66068864e-03 1.42730551e-03 -3.69043183e-03
    -4.24459530e-03 -8.73179082e-03 -4.61689150e-03 -1.84242672e-03
    1.85563900e-02 1.13884173e-02 -2.77681602e-03 -5.02424641e-03
    -7.51679204e-03 -4.18520300e-03 -3.97521397e-03 -1.50058174e-03
    1.54928463e-02 2.23344844e-02 1.74431577e-02 9.07784561e-04
    -1.13005396e-02 -7.92070013e-03 -9.34598874e-03 -6.95074070e-03
    -9.00845602e-03 1.41944215e-02 -5.22104511e-03 -1.93960231e-03
    -1.19694101e-03 -8.63588415e-04 -2.83784489e-03 -3.10187321e-03
    -5.86533593e-03 -8.41333065e-03 -2.44319229e-03 -7.21201068e-04
    2.71213963e-03 -2.44145025e-03 -7.33724562e-03 -9.11568664e-03
    -9.46665835e-03 -7.01199146e-03 -2.02111658e-02 -2.54300563e-03
    2.55265012e-02 1.91771798e-02 3.38057382e-03 -8.77521746e-03
    -8.70128721e-03 -1.05036609e-02 -1.01367813e-02 -1.28047355e-02
    1.48822432e-02 2.49342658e-02 1.00010950e-02 -5.77242055e-04
    -4.31751786e-03 -1.33944210e-02 -1.14937946e-02 -1.05745196e-02
    -1.14898318e-02 1.34725561e-02 6.89582108e-03 5.99427335e-03
    -1.40223128e-03 -8.39047413e-03 -8.62850994e-03 -8.46799370e-03
    -7.04354746e-03 -1.57004427e-02 -2.75503192e-03 2.50127190e-03
    2.58931052e-03 -1.42730947e-03 -4.59653465e-03 -6.41956041e-03
    -5.63854119e-03 -1.22763291e-02 -1.93450600e-02 -2.90792203e-03
    2.63912920e-02 6.75240485e-03 -1.55982003e-03 -4.08753287e-03
    -1.14061022e-02 -1.23578859e-02 -1.11568244e-02 -1.12004736e-02
    1.63802058e-02 3.00845094e-02 8.17887578e-03 -3.62444087e-03
    -7.23588793e-03 -9.93862655e-03 -1.17614921e-02 -8.52831453e-03
    -5.32584148e-04 2.13392563e-02 4.67914389e-03 1.96198584e-03
    5.55825362e-04 -3.54348705e-03 -7.37260235e-03 -9.83226858e-03
    -1.40868677e-02 -1.26124276e-02 -2.31953477e-03 -2.11074506e-03
    6.90391613e-03 -1.00777019e-03 -7.30639556e-03 -9.29091312e-03
    -1.17094405e-02 -8.48791096e-03 -1.50546832e-02 -2.32085213e-03
    2.74760444e-02 3.47291958e-03 -5.32566058e-03 -8.42889771e-03
    -1.06587503e-02 -9.65259410e-03 -6.07766677e-03 1.98914902e-03
    2.12829877e-02 2.68448815e-02 2.04369263e-03 -4.42177663e-03
    -1.01251462e-02 -1.14854136e-02 -8.95074196e-03 -6.02293340e-03
